-0.0001658605
-0.0001514255
-0.0001345542
-0.0001152770
-0.0000936265
-0.0000696460
-0.0000433997
-0.0000149822
0.0000154699
0.0000477679
0.0000816607
0.0001168265
0.0001528652
0.0001892938
0.0002255441
0.0002609631
0.0002948174
0.0003263001
0.0003545422
0.0003786270
0.0003976087
0.0004105331
0.0004164625
0.0004145019
0.0004038284
0.0003837201
0.0003535874
0.0003130020
0.0002617263
0.0001997397
0.0001272621
0.0000447735
-0.0000469711
-0.0001469328
-0.0002537853
-0.0003659191
-0.0004814527
-0.0005982511
-0.0007139523
-0.0008260013
-0.0009316914
-0.0010282127
-0.0011127063
-0.0011823245
-0.0012342953
-0.0012659897
-0.0012749913
-0.0012591664
-0.0012167326
-0.0011463247
-0.0010470570
-0.0009185780
-0.0007611189
-0.0005755322
-0.0003633194
-0.0001266477
0.0001316472
0.0004080717
0.0006984995
0.0009982114
0.0013019503
0.0016039907
0.0018982216
0.0021782437
0.0024374773
0.0026692813
0.0028670810
0.0030245015
0.0031355061
0.0031945364
0.0031966517
0.0031376641
0.0030142681
0.0028241604
0.0025661489
0.0022402457
0.0018477446
0.0013912788
0.0008748577
0.0003038810
-0.0003148710
-0.0009732722
-0.0016619105
-0.0023701729
-0.0030863556
-0.0037977976
-0.0044910368
-0.0051519868
-0.0057661318
-0.0063187374
-0.0067950732
-0.0071806452
-0.0074614332
-0.0076241304
-0.0076563796
-0.0075470041
-0.0072862275
-0.0068658790
-0.0062795806
-0.0055229121
-0.0045935513
-0.0034913855
-0.0022185925
-0.0007796886
0.0008184576
0.0025666476
0.0044534101
0.0064650948
0.0085860010
0.0107985395
0.0130834266
0.0154199071
0.0177860033
0.0201587870
0.0225146699
0.0248297088
0.0270799203
0.0292416008
0.0312916465
0.0332078690
0.0349693002
0.0365564838
0.0379517469
0.0391394479
0.0401061977
0.0408410487
0.0413356509
0.0415843706
0.0415843706
0.0413356509
0.0408410487
0.0401061977
0.0391394479
0.0379517469
0.0365564838
0.0349693002
0.0332078690
0.0312916465
0.0292416008
0.0270799203
0.0248297088
0.0225146699
0.0201587870
0.0177860033
0.0154199071
0.0130834266
0.0107985395
0.0085860010
0.0064650948
0.0044534101
0.0025666476
0.0008184576
-0.0007796886
-0.0022185925
-0.0034913855
-0.0045935513
-0.0055229121
-0.0062795806
-0.0068658790
-0.0072862275
-0.0075470041
-0.0076563796
-0.0076241304
-0.0074614332
-0.0071806452
-0.0067950732
-0.0063187374
-0.0057661318
-0.0051519868
-0.0044910368
-0.0037977976
-0.0030863556
-0.0023701729
-0.0016619105
-0.0009732722
-0.0003148710
0.0003038810
0.0008748577
0.0013912788
0.0018477446
0.0022402457
0.0025661489
0.0028241604
0.0030142681
0.0031376641
0.0031966517
0.0031945364
0.0031355061
0.0030245015
0.0028670810
0.0026692813
0.0024374773
0.0021782437
0.0018982216
0.0016039907
0.0013019503
0.0009982114
0.0006984995
0.0004080717
0.0001316472
-0.0001266477
-0.0003633194
-0.0005755322
-0.0007611189
-0.0009185780
-0.0010470570
-0.0011463247
-0.0012167326
-0.0012591664
-0.0012749913
-0.0012659897
-0.0012342953
-0.0011823245
-0.0011127063
-0.0010282127
-0.0009316914
-0.0008260013
-0.0007139523
-0.0005982511
-0.0004814527
-0.0003659191
-0.0002537853
-0.0001469328
-0.0000469711
0.0000447735
0.0001272621
0.0001997397
0.0002617263
0.0003130020
0.0003535874
0.0003837201
0.0004038284
0.0004145019
0.0004164625
0.0004105331
0.0003976087
0.0003786270
0.0003545422
0.0003263001
0.0002948174
0.0002609631
0.0002255441
0.0001892938
0.0001528652
0.0001168265
0.0000816607
0.0000477679
0.0000154699
-0.0000149822
-0.0000433997
-0.0000696460
-0.0000936265
-0.0001152770
-0.0001345542
-0.0001514255
-0.0001658605