0.0157074807
0.3236282712
0.3892234070
0.1605774767
-0.1781132357
-0.2105830540
0.0747500386
0.2770650482
0.2054674572
-0.0456741563
-0.3338423671
-0.2932125954
0.0571204403
0.3169110603
0.3635450610
0.1439118838
-0.1535398211
-0.1441332487
0.0451076634
0.2570408203
0.3154523904
-0.0213026664
-0.2685148518
-0.2751410926
0.0805048605
0.4290170430
0.4296252037
0.2213324382
-0.0929267054
-0.1159048944
0.1019874931
0.4072644258
0.3154533386
-0.0010559229
-0.1983131027
-0.2226037803
0.1501692483
0.4091313078
0.4693537372
0.2607409025
-0.0057924917
-0.0567570675
0.1615714341
0.3830832701
0.3127337531
0.0529232611
-0.1959171171
-0.1079228046
0.1967401816
0.4573159056
0.5632195208
0.2835973256
-0.0096563102
-0.0023100090
0.2379765730
0.4618143961
0.3723180269
0.1048774894
-0.1323115199
-0.0723511149
0.2084539779
0.5445047898
0.5548619523
0.2943857919
0.0734386122
0.0567794194
0.2381843198
0.4987249104
0.4444498049
0.1279385408
-0.0981551322
-0.0218455888
0.2547007180
0.6315843902
0.5382317885
0.3889246173
0.0807048517
0.0341258983
0.2725302249
0.4327770006
0.4541733821
0.1872003542
-0.0358223336
-0.0603927585
0.2561941901
0.5916103913
0.6748339039
0.3975761100
0.0848772123
0.0829169544
0.2952262223
0.5482078929
0.4602819229
0.1863205634
-0.0747739548
-0.0706960856
0.3101146229
0.6341203948
0.6638309436
0.3969367728
0.0734358750
0.0693344735
0.2966527831
0.5069213670
0.4914758670
0.2229287481
0.0101151191
-0.0066804527
0.3204789359
0.6344623394
0.6133093393
0.4131973773
0.1291413453
0.1689344439
0.3091699535
0.5489477411
0.5019554427
0.1790271214
-0.0082051859
0.0161176056
0.3412423926
0.6113045964
0.7209434729
0.3716535429
0.1470936993
0.1609577083
0.2839294324
0.5208545398
0.5049054285
0.1981145215
-0.0959777088
-0.0087378799
0.2787414844
0.6504977772
0.6423215748
0.4591647676
0.0972900484
0.0743845650
0.3332160409
0.4914356568
0.4999042193
0.2456905526
-0.1080914796
-0.0160188200
0.3089686930
0.6480302882
0.6194374160
0.3549256458
0.1244705558
0.0792455712
0.3000776401
0.5253642249
0.4546429077
0.1945245939
-0.0657735257
-0.0628349906
0.3407619732
0.6187028549
0.6006978670
0.3966695113
0.0557803997
0.0727966914
0.3062665036
0.4653516449
0.4829342866
0.1759870570
-0.0738564108
-0.0056346834
0.2480737832
0.5534047516
0.5832152575
0.3225408323
0.0560582228
0.0300560289
0.2492112111
0.4877717326
0.4226729223
0.1781779501
-0.1394494862
-0.0113274135
0.2433921365
0.5174162951
0.5442760546
0.3299127607
0.0172724247
0.0072208535
0.2203385931
0.4237665934
0.3594893512
0.0478710212
-0.1820765950
-0.1075727192
0.1926442559
0.4669768938
0.5450536598
0.2878715391
-0.0429787793
-0.0502563378
0.1670692752
0.3494024548
0.3566868511
0.0722491674
-0.1753238828
-0.1432968923
0.0999986709
0.4340686115
0.5128902267
0.2486391719
-0.0423500805
0.0228017563
0.1390682700
0.3769515680
0.3307528191
0.0300506238
-0.2648745106
-0.1982124806
0.0732808747
0.4101470966
0.4349288141
0.1884260947
-0.0322170392
-0.2050688828
0.0955233586
0.2426533819
0.2380823919
-0.0038713818
-0.3008031733
-0.3043895458
0.0268490320
0.3907283978
0.3786436045
0.1440136102
-0.1527628278
-0.2155313385
0.0926084095
0.2645898438
0.1397681893
-0.0816887530
-0.3731134668
-0.2927656763
-0.0250617063
0.3160937003
0.3681550412
0.1149625393
-0.2417655260
-0.2551214221
-0.0398300340
0.1742658419
0.2100325010
-0.1243619424
-0.4416124769
-0.3402122867
0.0176395499
0.3029576818
0.2547891890
0.0229941974
-0.2129429396
-0.3160304090
-0.0597871033
0.1705168524
0.0761008547
-0.1877193641
-0.5527752301
-0.4500299401
-0.1057066600
0.1827548259
0.3065261997
-0.0546768650
-0.3145000630
-0.3369074493
-0.0754380637
0.0536263629
0.0954197859
-0.2320682357
-0.5276414103
-0.4491122483
-0.1372695812
0.1576405149
0.2117803061
-0.0667002894
-0.3417828877
-0.3646079387
-0.1150742984
0.0159743895
0.0824811909
-0.3374171700
-0.5443770642
-0.4877663893
-0.1769882742
0.1149629392
0.1613751490
-0.1113647550
-0.4049046698
-0.3992028685
-0.1940836845
-0.0065539007
0.0041089074
-0.3049379792
-0.5524356916
-0.5246113848
-0.2498219218
0.0796322355
0.1547118010
-0.1129115641
-0.4229227328
-0.4579036838
-0.2000581682
-0.0379749861
-0.0411956546
-0.3547329117
-0.6182278577
-0.5424936070
-0.2297316800
0.0913419776
0.1411351003
-0.1622695782
-0.4309044120
-0.5011153948
-0.2593774542
-0.0520223756
-0.0835352586
-0.3570869455
-0.6642446013
-0.5375518469
-0.3135740656
0.0018492000
0.1116639725
-0.1621455146
-0.4564107761
-0.4945385409
-0.2925436376
-0.0982277658
-0.1055681637
-0.4180958838
-0.6277172385
-0.6279572409
-0.3268549909
0.0116943425
0.0703164355
-0.2221816049
-0.5187121964
-0.5226529378
-0.2997438445
-0.1005999951
-0.1369542314
-0.4028134748
-0.7171887696
-0.6800293821
-0.3350536786
0.0041562400
0.0567731860
-0.1673809596
-0.4746325969
-0.5438201468
-0.3158542866
-0.1233921815
-0.1291210852
-0.4251121535
-0.6663779649
-0.6662212921
-0.2998045872
0.0561300650
0.0409051186
-0.2032807258
-0.4812288560
-0.5520996822
-0.3081665149
-0.0906416822
-0.1241479094
-0.4384805354
-0.6732111330
-0.6210684372
-0.2664452873
0.0425358949
0.1176209241
-0.2344171987
-0.4689909684
-0.5264938186
-0.2382427187
-0.1081970827
-0.1447481640
-0.4233095290
-0.7308327219
-0.6424909359