-2.60525e-06
-5.60557e-05
-0.000115676
-0.000130928
-8.59227e-05
-3.59707e-05
-3.47182e-05
-6.48289e-05
-7.78215e-05
-4.43573e-05
3.84567e-05
0.000111645
0.000123397
9.28102e-05
5.88123e-05
6.66294e-05
0.000126429
0.000182848
0.000205235
0.000191577
0.000169831
0.000206296
0.000281282
0.000350493
0.000352323
0.000291672
0.000230754
0.000204604
0.000228218
0.000248744
0.000225224
0.000145697
8.04817e-05
6.64463e-05
8.00753e-05
9.00326e-05
2.99742e-05
-7.58931e-05
-0.000189876
-0.00026478
-0.000292036
-0.000309705
-0.00036224
-0.000446155
-0.00050844
-0.000516774
-0.000475055
-0.000441807
-0.000451499
-0.000492168
-0.000533603
-0.000509139
-0.00041937
-0.000318177
-0.000244903
-0.000194452
-0.000112464
2.86582e-05
0.000218858
0.000403277
0.000543124
0.000630142
0.000720493
0.000857151
0.00102755
0.00119161
0.00131265
0.00137651
0.00143604
0.00153159
0.00164127
0.0017088
0.00169901
0.00159671
0.00148396
0.00136865
0.00127529
0.00115648
0.000964606
0.000716886
0.000440695
0.000187214
-5.09917e-05
-0.000306413
-0.000632322
-0.00102314
-0.0014268
-0.0017757
-0.00206083
-0.00233149
-0.00261708
-0.002915
-0.00315826
-0.00330991
-0.00336907
-0.00337747
-0.00339249
-0.00339459
-0.00332523
-0.00312956
-0.00279739
-0.00238309
-0.00192334
-0.00141108
-0.000805113
-6.32382e-05
0.000801012
0.00175021
0.00272396
0.00372534
0.00481078
0.00600618
0.00731853
0.0086851
0.0100838
0.0114942
0.0129615
0.0145255
0.0161539
0.0178029
0.0194173
0.0210053
0.0225932
0.0242558
0.0259654
0.0276769
0.0293706
0.0310282
0.0326951
0.0344207
0.0362007
0.0379699
0.0396987
0.0413805
0.0430884
0.0448574
0.0467214
0.0486253
0.0505284
0.0524574
0.0544465
0.0565469
0.0587788
0.0610699
0.0633885
0.065742
0.0682021
0.0708134
0.0735713
0.0764458
0.0793944
0.0824208
0.0855784
0.0888984
0.0923766
0.0959635
0.099589
0.103275
0.107071
0.111002
0.115083
0.119242
0.123436
0.127671
0.131965
0.136362
0.140839
0.145331
0.149795
0.154217
0.158636
0.16309
0.167569
0.172018
0.176386
0.180664
0.184898
0.189107
0.193293
0.197372
0.201317
0.205121
0.208826
0.212467
0.216056
0.219536
0.222867
0.226052
0.229139
0.232168
0.235122
0.23795
0.240617
0.243133
0.245538
0.247895
0.250216
0.252449
0.254561
0.256567
0.258502
0.260424
0.262327
0.264168
0.265918
0.26757
0.269177
0.270804
0.272458
0.27408
0.275668
0.277206
0.278749
0.280344
0.281986
0.283614
0.285195
0.286723
0.288253
0.289831
0.291449
0.293093
0.294679
0.296234
0.297779
0.299351
0.30095
0.302518
0.303991
0.305362
0.306693
0.308013
0.309325
0.310578
0.311704
0.312722
0.313679
0.314585
0.315442
0.316181
0.316767
0.31719
0.317499
0.317745
0.317945
0.318036
0.31798
0.317785
0.317486
0.317149
0.316773
0.316289
0.315663
0.314916
0.314117
0.313303
0.312484
0.311694
0.310839
0.309882
0.308865
0.307873
0.306981
0.306101
0.305151
0.304115
0.303017
0.301999
0.301096
0.300253
0.299386
0.298469
0.2975
0.296588
0.295751
0.294922
0.294032
0.29301
0.291904
0.290805
0.289765
0.288734
0.2876
0.286341
0.284939
0.283519
0.282077
0.280579
0.27891
0.277032
0.275005
0.272911
0.270821
0.268665
0.266379
0.263923
0.261319
0.258661
0.255987
0.253257
0.250387
0.247341
0.244175
0.241012
0.237905
0.234807
0.231651
0.228396
0.225073
0.221792
0.218587
0.215404
0.212155
0.208813
0.205434
0.20213
0.198934
0.195825
0.192692
0.189495
0.186277
0.183111
0.18003
0.176969
0.173855
0.170623
0.167317
0.164051
0.160855
0.1577
0.154458
0.151115
0.147674
0.144223
0.140787
0.137315
0.133729
0.129972
0.1261
0.122205
0.118345
0.114476
0.110519
0.106419
0.102211
0.0979886
0.0937987
0.0895925
0.0852652
0.0807922
0.0762307
0.0716787
0.067221
0.062814
0.0583632
0.0538292
0.0492392
0.0446999
0.0402442
0.0358321
0.0313673
0.0268131
0.0222457
0.0177386
0.013358
0.00906827
0.00475948
0.000406148
-0.00396496
-0.00825335
-0.0124587
-0.0166144
-0.0208209
-0.0251183
-0.0294443
-0.0336918
-0.0378317
-0.0419043
-0.0459956
-0.0501585
-0.0543467
-0.0584805
-0.0625396
-0.0665726
