0.123456 0.234567 0.345678 0.456789 0.567890 0.678901 0.789012 0.890123
0.111213 0.212223 0.313233 0.414243 0.515253 0.616263 0.717273 0.818283
0.101112 0.202122 0.303132 0.404142 0.505152 0.606162 0.707172 0.808182
0.919293 0.818283 0.717273 0.616263 0.515253 0.414243 0.313233 0.212223
0.001002 0.002003 0.003004 0.004005 0.005006 0.006007 0.007008 0.008009
0.989899 0.878787 0.767676 0.656565 0.545454 0.434343 0.323232 0.212121
0.111000 0.222111 0.333222 0.444333 0.555444 0.666555 0.777666 0.888777
0.999888 0.888777 0.777666 0.666555 0.555444 0.444333 0.333222 0.222111
0.111213 0.212223 0.313233 0.414243 0.515253 0.616263 0.717273 0.818283
0.101001 0.202002 0.303003 0.404004 0.505005 0.606006 0.707007 0.808008
0.987654 0.876543 0.765432 0.654321 0.543210 0.432109 0.321098 0.210987
0.010203 0.020304 0.030405 0.040506 0.050607 0.060708 0.070809 0.080910
0.111000 0.222111 0.333222 0.444333 0.555444 0.666555 0.777666 0.888777
0.999888 0.888777 0.777666 0.666555 0.555444 0.444333 0.333222 0.222111
0.000100 0.000200 0.000300 0.000400 0.000500 0.000600 0.000700 0.000800