0.0279322895
0.3165000351
0.3977138100
0.1868877672
-0.1987711420
-0.2349595389
0.0912867572
0.2699108403
0.1641637338
-0.0657727477
-0.3823961105
-0.3455135523
0.0185534306
0.2216249255
0.2692273545
0.0745495462
-0.2376396729
-0.1992107869
-0.0436797556
0.1522256558
0.2778628023
-0.1041126337
-0.3476850753
-0.3946032891
-0.0208409149
0.3402637228
0.3062945935
0.1320722345
-0.2097025444
-0.2285463687
-0.0217349367
0.3405054324
0.1993618756
-0.1462402732
-0.3005947633
-0.3785279659
0.0261017032
0.2283849533
0.3008635137
0.1265218812
-0.1299203226
-0.1980560251
0.0100194745
0.2238033463
0.1213383354
-0.1229111412
-0.3684561029
-0.2461639940
0.0379104782
0.2436389302
0.3979391267
0.0979227017
-0.2054240017
-0.1692433566
0.0785147143
0.2970813538
0.1612258366
-0.0959227254
-0.3200678245
-0.2469362730
-0.0045852678
0.3360723636
0.3211883833
0.0559536749
-0.1180667508
-0.1238190350
0.0199967213
0.3046069942
0.2321705397
-0.1114438479
-0.3150530153
-0.2120332563
0.0235687174
0.4376721309
0.2392058841
0.1725123521
-0.1558426300
-0.2139314358
0.0321229371
0.1392688820
0.2022918082
-0.0523273380
-0.2495650923
-0.3250199885
-0.0172888361
0.3240070130
0.4404829159
0.1472050422
-0.1881605000
-0.1659434007
0.0346747078
0.3077037265
0.1773017969
-0.0887575815
-0.3527047397
-0.3762162123
0.0467271147
0.3687418779
0.3910719122
0.1172437030
-0.2363056276
-0.2168661310
0.0114767832
0.2095889448
0.2091207194
-0.0462633968
-0.2233025409
-0.2828780278
0.0457165705
0.3509704020
0.2839156237
0.1299125972
-0.1524222010
-0.0538528786
0.0207080421
0.2723736018
0.2168861908
-0.1341211991
-0.2645862293
-0.2499569095
0.0761057719
0.3043427315
0.4709606806
0.0527665181
-0.1226779001
-0.0691278370
-0.0241766568
0.2235061339
0.2243120902
-0.0969089347
-0.4163117926
-0.2887101746
-0.0285042801
0.3816593573
0.3398540452
0.2181743705
-0.2003725647
-0.2111290964
0.0764964718
0.1852944642
0.2305950071
0.0039415458
-0.4205387021
-0.2832781715
0.0446893312
0.3977709697
0.3207139102
0.0554134829
-0.1283854019
-0.1777890663
0.0433018842
0.2723982225
0.1779069820
-0.0582214061
-0.3154408900
-0.3356706047
0.1330963114
0.3784926284
0.3212625376
0.1645114690
-0.2146829887
-0.1524234419
0.0921154668
0.2044551825
0.2679544513
-0.0504942449
-0.2881748208
-0.1913722973
0.0117841758
0.3068134497
0.3355307823
0.0789575182
-0.1670189730
-0.1803639799
0.0396056151
0.2941524735
0.2114901913
0.0049595446
-0.3524082149
-0.1482434690
0.0575445403
0.2977258390
0.3220107915
0.1485969821
-0.1786652066
-0.1628597349
0.0471494578
0.2399866447
0.1595408864
-0.1656086499
-0.3663224734
-0.2567817503
0.0306267777
0.2720591726
0.3881138362
0.1392366620
-0.2197386960
-0.1983423081
0.0197961722
0.1757558426
0.2231899885
-0.0530132083
-0.2844702871
-0.2498776106
-0.0631156017
0.2851098976
0.4030403368
0.1421314906
-0.1454333365
0.0052766312
0.0442050453
0.2994368825
0.2522387896
-0.0524243957
-0.3676368119
-0.2710164946
-0.0336871801
0.3199214578
0.3421511749
0.1131878219
-0.0489113450
-0.3210812664
0.0459734371
0.1401506664
0.1672948042
-0.0325945102
-0.3510862947
-0.3791120199
-0.0352775914
0.3666155038
0.3235198858
0.1158892199
-0.1813905652
-0.2576099238
0.1230439305
0.2615773936
0.0750316100
-0.0882733990
-0.3968510191
-0.2755115003
-0.0445667162
0.3169952451
0.3880335529
0.1474434879
-0.2564113738
-0.2447398941
-0.0291892320
0.1842283409
0.2832320458
-0.0809430637
-0.4354961351
-0.2767837435
0.1143907207
0.3765657655
0.2692605738
0.0666002193
-0.1225898339
-0.2706355229
0.0175756099
0.2596381022
0.1269490306
-0.1119310575
-0.5517150301
-0.3908442971
-0.0239749263
0.2435284655
0.4417051530
0.0086320579
-0.2233368480
-0.2282272509
0.0689472404
0.1306339195
0.2398061010
-0.1126637360
-0.4292720629
-0.3118616872
-0.0031624909
0.2753845794
0.3492999939
0.0628806638
-0.1966865772
-0.2027954417
0.0726654244
0.1373794253
0.2899850213
-0.2273426374
-0.3869106602
-0.3090287044
-0.0027860678
0.2699236263
0.3295095183
0.0526990505
-0.2403020124
-0.1963054786
-0.0004608944
0.1640457633
0.2166871893
-0.1041848424
-0.3365209060
-0.3105207188
-0.0689784951
0.2697085276
0.3795488751
0.1111023257
-0.2119344242
-0.2410387374
0.0478022291
0.1662818614
0.1934487719
-0.1362040303
-0.3977929682
-0.2874103860
0.0208332087
0.3437838140
0.4078151290
0.0748877550
-0.1754307966
-0.2680531226
-0.0087336358
0.1893659800
0.1653270944
-0.0941226073
-0.4342663867
-0.2341834618
-0.0847486150
0.2272208291
0.3970469267
0.1158004561
-0.1810507458
-0.2175815433
-0.0299043227
0.1440334205
0.1619991367
-0.1677478164
-0.3354377481
-0.3620754830
-0.0764961665
0.2755880424
0.3533641190
0.0378639319
-0.2640408457
-0.2408075123
-0.0169735541
0.1645107367
0.1298385648
-0.1179660269
-0.4729888362
-0.4341748022
-0.0716345353
0.2805627386
0.3465951970
0.1515617951
-0.1704785372
-0.2643454000
-0.0325946541
0.1359298398
0.1546382295
-0.1478308647
-0.3739279611
-0.4019999607
-0.0024177759
0.3784334545
0.3227358463
0.0909915136
-0.1800285284
-0.2779786337
-0.0189236478
0.1930792847
0.1613019253
-0.1748731166
-0.3904377501
-0.3271523016
0.0503703542
0.3466390224
0.4504529165
0.0258337216
-0.1691362872
-0.2443942324
0.0923926316
0.1477575533
0.1094924524
-0.1641418324
-0.5102197950
-0.3836270387
-0.0727642144
0.3023739829
0.3498732287
0.1758366246
-0.1633348836
-0.2856744924
-0.0797372057
0.2224691974
0.0841277253
-0.0257275138
-0.3226812799
-0.3786065709
-0.1245127344
0.3720093509
0.3262321331
0.1420167802
-0.3043061225
-0.2847434302
-0.0266679745
0.1997589297
0.1354286050
-0.0912679522
-0.4465616862
-0.3576923390
-0.0188186432
0.3274524300
0.3753928290
0.0119228257
-0.2981038311
-0.1763251445
-0.0053587578
0.1579955254
0.2509861213
-0.1167164540
-0.3170854167
-0.3427158919
0.0935236921
0.4005052765
0.3246958532
0.1331698853
-0.1721263494
-0.1677478158
-0.0747989843
0.2422199508
0.2268774631
-0.2184786590
-0.4462540618
-0.4574564165
-0.0337372614
0.3459607116
0.4270362268
0.0865979823
-0.1128979545
-0.3183444597
-0.1123110892
0.2045690951
0.1930449374
-0.1172901212
-0.4918137170
-0.3435968908
-0.0877121509
0.3475333372
0.3674651972
0.0339074922
-0.2290177407
-0.2959081291
-0.0156262174
0.2658548235
0.1204946996
-0.0826005638
-0.4008382960
-0.3786126031
-0.0157907348
0.2562678568
0.3203484769
0.0240546751
-0.0849587017
-0.2296623141
-0.0467306475
0.2289151877
0.1743673230
-0.1185953314
-0.3316894808
-0.2866187913
-0.0347791640
0.2869430044
0.3408689249
-0.0331633987
-0.2757696736
-0.1498898253
0.0900222379
0.2077887246
0.2180259108
-0.0837386219
-0.1881534155
-0.2613168842
-0.0071933348
0.2705412203
0.2709544917
0.1126831054
-0.2281364582
-0.3017722538
-0.0338783708
0.1659349002
0.2854391649
-0.0467048942
-0.3567845531
-0.2361002688
0.0092976318
0.2807830104
0.4518781736
0.1364744365
-0.2390126311
-0.2275857435
-0.0418574423
0.1538847860
0.2475261062
0.0159580891
-0.4301296996
-0.2828257241
-0.0268163451
0.3066330138
0.3377069604
0.0623594109
-0.1731975771
-0.2588709827
0.0273104177
0.2335190790
0.1866838442
-0.1377968719
-0.3792840983
-0.2673961120
0.0425250837
0.2836133315
0.3811387700
0.1577051634
-0.2653249079
-0.1771373826
-0.0207392169
0.2728227725
0.1615605204
-0.1839273059
-0.4340759184
-0.3029063301
0.0331926713
0.2919285030
0.4156252388
0.0261433303
-0.1710738204
-0.2717408875
-0.0161180875
0.2473770473
0.1600339069
-0.1001595831
-0.2821081330
-0.3342362208
0.0693551007
0.2829846501
0.4131952492
0.2042866775
-0.3027492199
-0.2448987299
0.0564972984
0.2367561111
0.2327053177
-0.1091306812
-0.3305064821
-0.3072777827
0.0912525749
0.3639928876
0.4055097703
0.1031318339
-0.1881577594
-0.2214415512
0.0491445235
0.2273643986
0.2309401040
0.0442991099
-0.2836862399
-0.3142091629
0.0957253231
0.3292751205
0.2743939067
0.0720291495
-0.2635722553
-0.2145736054
0.0302513776
0.3475058137
0.2351656209
-0.0826527131
-0.2840139745
-0.4182579948
0.0433246280
0.3974105966
0.3076373465
0.1947535234
-0.1376784299
-0.2165648618
0.0663329761
0.3823947541
0.2284175725
-0.0550263768
-0.3552023305
-0.3404855206
0.0779266621
0.3070156722
0.3958405238
0.1045429298
-0.1288741797
-0.1736079629
0.0898704529
0.2267360188
0.2036619942
-0.1234415319
-0.3538363249
-0.2710240454
0.0741913748
0.3036241791
0.4409772939
0.2078315156
-0.1324301466
-0.0867662245
-0.0119880702
0.1853593180
0.1186834919
0.0155323360
-0.2923138947
-0.2956915098
0.0469772406
0.2917363976
0.5290918103
0.1382817949
-0.1501752739
-0.1522053899
0.0577981736
0.2671009752
0.1733523497
-0.0430518790
-0.2243092619
-0.2180023672
0.1196665156
0.3250580686
0.3346231918
0.1225946967
-0.1546026910
-0.1329588309
-0.0659586442
0.3389289433
0.2072621452
-0.0952872779
-0.3888363779
-0.3885591018
0.0744663840
0.3559700174
0.3157146242
0.0547631150
-0.1787551718
-0.1028284842
0.0123649550
0.1660776007
0.1999606824
-0.0890429956
-0.4860597416
-0.3010900300
0.0125969607
0.3883497101
0.4895262966
0.1881853090
-0.1778039475
-0.2617728898
0.1687568042
0.2509666383
0.2115423428
-0.0781353367
-0.3263863428
-0.3093278050
-0.0098987055
0.3151752124
0.3803896504
0.0909065437
-0.2061852349
-0.1970259218
0.0061989279
0.3286578565
0.0580846090
-0.0190425894
-0.2711405726
-0.4215358947
-0.0006833379
0.3212245573
0.2992249579
0.0738288267
-0.2324880091
-0.1084494978
0.0691399181
0.3115345835
0.2436527292
-0.1480396866
-0.3748706764
-0.2816177009
-0.0543688570
0.3779425234
0.3605632851
0.0921614604
-0.1344163793
-0.1863956200
-0.0081971065
0.3007732396
0.1377986696
-0.0544182131
-0.3165553847
-0.3311035458
0.0281117830
0.2628834601
0.4214070308
0.0981858895
-0.2084690371
-0.1570871043
-0.0322259658
0.1516367452
0.1062977921
-0.0597522584
-0.4267048597
-0.2198266487
-0.1121286021
0.4237976661
0.3764578040
0.0982782809
-0.2145963103
-0.1985226704
0.0003647396
0.2879727315
0.1953372394
-0.0903064064
-0.3800834487
-0.3266496371
0.0173089655
0.2272775134
0.2838219937
0.1405553072
-0.1793052769
-0.2362756506
-0.0014444782
0.2405136992
0.1536003407
-0.1474841499
-0.3535782317
-0.3834168583
0.0180108474
0.2227626652
0.4125747003
0.1204068118
-0.1794358733
-0.1755795694
0.0862743200
0.2731194488
0.0755541961
-0.1805396014
-0.4045813036
-0.3317715392
0.0193381306
0.2728848966
0.3604105864
0.0465765137
-0.2329795012
-0.3146817003
-0.0640187334
0.1353675707
0.1195192105
-0.0539885509
-0.4274663983
-0.1898179533
0.0133848641
0.3195313539
0.2971057291
0.1239297582
-0.2354406205
-0.2331686697
0.1274412778
0.2015850610
0.2346641284
-0.1571111896
-0.3803427044
-0.2425327746
-0.0538443503
0.4068620660
0.3810129086
0.0487926991
-0.1715966959
-0.1893913597
0.0144295933
0.1147107084
0.1252090424
-0.1353845601
-0.3864172014
-0.3110243936
-0.0123678181
0.2261178908
0.3589055638
0.1111144430
-0.1792797109
-0.1868597745
0.0228487410
0.2253699587
0.1587375173
-0.2182365991
-0.3613926467
-0.3375200122
-0.0103113634
0.2262399567
0.2736103840
0.1329297593
-0.2160041802
-0.2122819402
-0.0253703901
0.1983577725
0.2126361864
-0.1566100739
-0.3828491879
-0.3778426950
-0.0526096187
0.2781136462
0.3444130663
0.0443599779
-0.1455312259
-0.3032234735
-0.0397242009
0.1697618472
0.2391058792
-0.1186151277
-0.3322478778
-0.4373450376
-0.0150577077
0.3436885125
0.3347704456
0.1294808577
-0.2468932622
-0.1752576206
0.0985275050
0.1726143348
0.1312745475
-0.0492853385
-0.3027312000
-0.3844298779
-0.0548622889
0.2767198410
0.2535075716
0.0169368227
-0.2751752670
-0.2985278255
-0.0334757687
0.2054770713
0.2428703499
-0.1877399700
-0.3367232432
-0.3675148232
-0.0344043254
0.3301891001
0.2657165799
0.0899060838
-0.2094778815
-0.2277237789
-0.0152641463
0.3304428354
0.1199464399
-0.1612637351
-0.4268578254
-0.3863935774
-0.0670763599
0.3595585728
0.4092513930
0.0368894235
-0.2649972750
-0.2281946662
-0.0618028206
0.2288038779
0.1681246818
-0.2156720624
-0.3037617488
-0.2530720380
-0.0645346882
0.2721146579
0.3467302701
0.0891396724
-0.1797484777
-0.1401907073
-0.0391661099
0.1499149965
0.0808050742
-0.1698212254
-0.3908689385
-0.2513074804
-0.0572835226
0.3084600337
0.3317496546
0.1392375185
-0.0725450133
-0.2808910406
-0.0544860519
0.2558344979
0.1990832228
-0.0224453933
-0.3536882825
-0.3698902313
0.0076315983
0.3608703925
0.3815148874
0.1036922132
-0.1518507257
-0.1824198691
0.0536783639
0.2365656543
0.1543606953
-0.1149709998
-0.3155551857
-0.3924524039
-0.0016286561
0.2796761400
0.3403125763
0.1504270671
-0.1976722157
-0.2421003052
-0.0970076810
0.2456053640
0.2036561232
0.0020712831
-0.3970221879
-0.3304582354
-0.0045635266
0.3943170621
0.3371936196
0.0981218601
-0.1702972040
-0.2302418492
-0.0416276624
0.2186072541
0.2318221002
-0.1731767577
-0.3680754697
-0.3779559894
0.0528459703
0.2242197881
0.3154193777
0.1079729992
-0.1120849947
-0.2400415844
-0.0433226764
0.3179284596
0.0944983432
-0.2345931279
-0.3462758880
-0.3622586709
-0.0672001170
0.3543176211
0.3651923870
0.0596958268
-0.2674401224
-0.1825834483
0.0291813086
0.2113051444
0.2845280230
-0.1663445862
-0.4520131971
-0.3681254304
-0.0075103822
0.3330076265
0.3427705181
0.1160806710
-0.2609434524
-0.1455659639
-0.0071007947
0.2846232121
0.2048765927
-0.0755563833
-0.3292512382
-0.2990987056
0.0361429569
0.3990189476
0.3723428044
0.1411117156
-0.1906499390
-0.1408093079
-0.0355552399
0.3280291370
0.1883059711
-0.1767415378
-0.3491323779
-0.3576219928
0.0522197529
0.2925168369
0.3411358741
-0.0000873862
-0.2061190469
-0.3531869643
-0.0816872107
0.2744065879
0.2396321055
-0.0674910624
-0.4058595299
-0.3171668175
0.0095693897
0.2688864537
0.4555620182
0.1602828897
-0.1883518774
-0.2106313219
0.0238197391
0.1215289864
0.1862210747
-0.1251116092
-0.4031750953
-0.3256823134
0.1154477825
0.3746225451
0.3434331490
0.1476502564
-0.0927558110
-0.1556967987
0.0198761175
0.2043557229
0.2437457193
-0.0603040173
-0.2922120671
-0.2698920101
0.0776080882
0.3126834761
0.4537970583
0.1306893120
-0.0506573853
-0.2423963211
0.1181577691
0.2558409654
0.1717865797
-0.1057453358
-0.3567105891
-0.2779426029
0.0517618799
0.3142512130
0.3820326114
0.2436900319
-0.0666115440
-0.1755497334
0.0261832406
0.2549240498
0.2463349025
-0.1326819508
-0.3498491300
-0.3923547864
0.0480333297
0.3860802545
0.3593534059
0.2148051580
-0.2296675151
-0.2794648679
0.0395847027
0.3099207604
0.3093390792
-0.0982142121
-0.2720145010
-0.2980410028
0.0184685538
0.4019147351
0.4256888831
0.0400709633
-0.0753379288
-0.1171983095
-0.0059623398
0.2754904841
0.2445625026
-0.0556730219
-0.3616008108
-0.3316848763
0.0286380367
0.4200090602
0.4213532445
0.1095943315
-0.1133176742
-0.3533968294
0.0953488794
0.1568730159
0.1978089295
-0.1319485114
-0.4021758585
-0.2274171723
0.0049326764
0.3746421487
0.3891775204
0.1582295591
-0.1514891822
-0.2645191167
0.0875494945
0.2276503754
0.1313051443
-0.0924762881
-0.2444579539
-0.2444297292
0.0120166263
0.3358411421
0.3739888913
0.2483825179
-0.1342014909
-0.1681231900
0.0894623904
0.2687794967
0.2041412717
-0.0796379815
-0.3331380145
-0.2946589142
0.0721510639
0.3579484297
0.4327564486
0.1264761270
-0.1519050136
-0.3053853285
0.0822779287
0.2739955302
0.2739262278
-0.2324329018
-0.2127053370
-0.3015105980
0.0923927471
0.2953276310
0.4247315694
0.0704303046
-0.1928134395
-0.0868558490
0.0184927767
0.2651431569
0.2650750864
-0.0434077503
-0.3234628897
-0.2749764070
0.1633300908
0.3486069020
0.3995630868
0.1866733849
-0.0977043187
-0.1299328423
0.0628812894
0.1863296510
0.3056344356
-0.1381703609
-0.3173842179
-0.3404528534
0.0219765994
0.3676868180
0.4036230988
0.1485602495
-0.0719375719
-0.1740442572
0.0103162114
0.3018511466
0.2776478823
-0.1458121439
-0.3039311927
-0.2617799815
0.0056274543
0.4232890298
0.3737932563
0.1285272473
-0.1758315146
-0.2021348591
-0.0411107280
0.1631021033
0.2968252055
-0.1280506670
-0.3969631812
-0.4260346186
-0.0173440579
0.2677094054
0.4707124551
0.1743548614
-0.2087332775
-0.0803231326
0.0717315859
0.2217631747
0.0625182145
0.0442807286
-0.4235161365
-0.4016648260
0.0718598013
0.4750450353
0.4519211565
0.1449501235
-0.1409511019
-0.1633872983
0.0547792036
0.2513918896
0.2044509867
-0.0925746879
-0.3923064640
-0.3294799898
-0.0854299825
0.3277087031
0.3138526096
0.0465243128
-0.1689579700
-0.1377991871
0.0590229283
0.1425246054
0.1381826035
-0.0409272507
-0.4099503521
-0.3311380275
0.0358785948
0.2739449035
0.3705171199
0.0286990924
-0.2177706459
-0.2029850838
-0.0870995263
0.2506992221
0.1878094320
-0.0676897023
-0.3470444143
-0.2467360957
0.0070418913
0.2993001013
0.3665133253
0.1293103890
-0.1861661430
-0.2236468688
-0.0419569881
0.1836900855
0.1050789674
-0.0053309284
-0.4345389898
-0.3673638366
-0.0453459015
0.3688312732
0.3381147865
0.1639963954
-0.2317066443
-0.2151513497
-0.0543572075
0.3367078285
0.1122905947
-0.0911612018
-0.3338052798
-0.3099691134
-0.0201914661
0.3063961159
0.3523716195
0.0807882876
-0.1443884220
-0.1112724904
-0.0434515796
0.1343486997
0.1694321320
0.0318285334
-0.4192717175
-0.2456733635
0.0799876098
0.2780067002
0.3773710041
0.1761199111
-0.2243900463
-0.2514779507
-0.0492331770
0.1499229417
0.1335241803
-0.1863958925
-0.3764585028
-0.3854109889
-0.0054406538
0.2174461516
0.3598198553
0.1272953084
-0.3192755908
-0.2230473687
0.0484995503
0.1349878200
0.2601546279
-0.0979023938
-0.4218772322
-0.3490634763
0.0090363498
0.3054839197
0.3678219433
0.0250054025
-0.2012351822
-0.3271355494
-0.0303008491
0.1487179032
0.1213213370
-0.0553232744
-0.3241829766
-0.3149447953
-0.0870086244
0.2802438506
0.4026201576
0.0816759499
-0.0833543457
-0.2284876532
-0.0161631340
0.1793015656
0.1673821674
-0.1361647553
-0.3484345792
-0.2980477202
-0.0723755357
0.2206389421
0.2286641500
0.0998484429
-0.2781944462
-0.3739819428
-0.0073642553
0.3346814070
0.1573949407
-0.0825164137
-0.3856711574
-0.3593668126
0.0216084210
0.2773375592
0.3451798517
0.0876548901
-0.2553734821
-0.1987244103
-0.0405877469
0.1505195730
0.1864971610
-0.1815397214
-0.3899723265
-0.3555400967
0.0298309474
0.3192599974
0.3277042105
0.1145827965
-0.1405311666
-0.2239834168
-0.0309431235
0.1185362364
0.0957835568
-0.1487624431
-0.4263511493
-0.3659955152
-0.0284371172
0.3220280239
0.3248874412
0.0957596013
-0.2152125143
-0.3665049972
-0.0843480052
0.1842685233
0.0877830602
-0.0976671103
-0.3057356133
-0.2866207880
-0.0432362224
0.3765249508
0.3377307543
0.0500291090
-0.2526846481
-0.2717134315
-0.0525778234
0.2027947147
0.1657432203
-0.1302642166
-0.3662135225
-0.2871067007
0.0233223053
0.2104147697
0.1870373383
0.1228724547
-0.2936463815
-0.2658723031
-0.0950159270
0.0934737428
0.1888185813
-0.0860275768
-0.4214256342
-0.4979279007
-0.0588936830
0.3179082708
0.2495078728
0.0827203397
-0.2155058023
-0.2184621408
-0.0202383512
0.1423973290
0.2280258068
-0.1352081508
-0.3880604246
-0.4021672663
-0.0505109565
0.2487672954
0.3256503120
0.1714225396
-0.2889819222
-0.3389114177
0.0586838392
0.1883148811
0.1261337105
-0.0647431787
-0.4174584353
-0.2438286629
0.0157618935
0.2743579321
0.4600104921
0.0444725824
-0.1666874166
-0.2278811655
0.0526649416
0.2914506696
0.1691576058
-0.1619452700
-0.3538484114
-0.3808926998
0.0946336836
0.3132882912
0.3220089407
0.0928166634
-0.2802362152
-0.2953735240
0.0509813794
0.1707528918
0.1125752191
-0.0852733584
-0.3088758594
-0.2981555870
0.0416554374
0.2673171670
0.2668955734
0.1711870122
-0.2182665012
-0.2504495526
0.0625883327
0.2434223357
0.2015626022
0.0108018464
-0.4072074083
-0.2818498024
-0.0065658918
0.3295878646
0.4374345614
0.1199740025
-0.1651727022
-0.1713338096
-0.0279049907
0.1696899854
0.1219300547
-0.2167456547
-0.2505975882
-0.3912545457
-0.0173888977
0.3037572878
0.3736229675
0.1421554156
-0.1421762384
-0.2595436679
-0.0118790391
0.2376836886
0.1716188004
-0.0108538203
-0.3336820564
-0.2829499933
0.0372765531
0.3902644925
0.3714711972
0.0283152848
-0.1631276249
-0.2584215401
-0.0272452061
0.2597284859
0.2601979930
-0.0950869525
-0.3389692620
-0.2236010629
0.0184854383
0.4755199733
0.3980275568
0.0071543313
-0.1383204809
-0.1954481019
0.0799103179
0.2695010987
0.1876573631
-0.1602636486
-0.3632367069
-0.3623120907
-0.0228732572
0.3671242831
0.4649253501
0.1331391935
-0.2431755954
-0.1871413783
0.0793930463
0.2020535629
0.1925845413
-0.0859348388
-0.3909879386
-0.2734193945
0.0075550259
0.3621773458
0.3256455513
0.0908514723
-0.1308248611
-0.2286587206
0.1136371695
0.2182624572
0.2171166875
-0.0299878902
-0.4223130478
-0.4046279014
-0.0672065576
0.4137822857
0.3486812817
0.2634355873
-0.1990878545
-0.1932623596
0.1072565660
0.3575225175
0.3243453714
-0.0105830089
-0.2811088684
-0.2684749679
0.0661311397
0.3155172845
0.3373914664
0.1230315570
-0.1733286202
-0.2255729027
0.0632068920
0.3018949519
0.2168057361
0.0079215242
-0.3995776806
-0.3094136801
-0.0147265177
0.2447226847
0.3818755008
0.1194470123
-0.0756301129
-0.1616438689
-0.0306314082
0.3553013828
0.2833086369
-0.0396754943
-0.3454093187
-0.3498287456
0.0072453751
0.4134477193
0.4949841480
0.2155009698
-0.1858599176
-0.2577672647
0.0371382519
0.1537861621
0.2349541997
-0.0786320884
-0.3568620362
-0.3835934624
0.0589569042
0.3241056915
0.3249951030
-0.0310836670
-0.1582607586
-0.0935504751
0.1241685076
0.2289998996
0.1843256086
-0.0426237325
-0.3855139079
-0.2757242540
0.0743133076
0.4241523290
0.3861839809
0.1199501653
-0.2051817838
-0.2388700614
0.0187894501
0.2760748292
0.2702128160
-0.1135676750
-0.2449118321
-0.3074876119
0.0304212053
0.3134625456
0.2557507113
0.1813119226
-0.1142435223
-0.2081264201
0.0352924590
0.2843647899
0.1308398713
-0.0983472364
-0.2844467945
-0.3630996317
0.0477414234
0.2787410969
0.4177863549
0.1290108860
-0.2471525319
-0.1275201392
-0.0105600833
0.2089472084
0.2290828298
-0.0049718681
-0.3872671356
-0.2901923835
0.0541891717
0.3927820313
0.4001947982
0.1090287229
-0.2042751512
-0.1896455152
-0.0310751712
0.0886363977
0.2406971442
-0.0204499996
-0.4647990220
-0.3522810027
0.0629937030
0.4675485180
0.3894237725
0.0866521324
-0.1701576332
-0.1193694790
-0.0093623858
0.2056636715
0.1866331672
-0.1273162295
-0.3275044020
-0.2066744216
0.0437514463
0.3350082688
0.3691421010
0.0369292228
-0.1130223130
-0.2039254725
0.0138970166
0.4271981751
0.2275591518
-0.1190550009
-0.3615013170
-0.2366279742
0.0287303431
0.2650470361
0.4339235438
0.0838930613
-0.0607556953
-0.1422753673
-0.0046174082
0.3161189593
0.2109753923
-0.0324675425
-0.3139545630
-0.3525347259
-0.0176020648
0.4000311653
0.3595493566
0.0948698522
-0.2237462295
-0.1831661801
0.1325071550
0.1799979984
0.2044320868
-0.0051334418
-0.3498532988
-0.2836985193
-0.0453863383
0.3619331533
0.3635538800
0.1686708546
-0.1076249718
-0.0657565170
0.0446966814
0.2539002071
0.2095223606
-0.1089148177
-0.3308735741
-0.3303081124
0.0192452322
0.4073327012
0.3128431249
0.1726837828
-0.1050073383
-0.2227167094
-0.1119384790
0.1966600023
0.2667688465
-0.0951166680
-0.4108959200
-0.3468915570
0.0522184301
0.3591440018
0.3511552804
0.0830888063
-0.2059834378
-0.2728386801
0.0933203450
0.2078040953
0.2573596002
-0.0132086071
-0.3034968840
-0.3477191433
0.0227034114
0.3220867305
0.3088171411
0.1169985584
-0.2552160265
-0.1591413872
-0.0286084451
0.2322797823
0.1998837058
-0.1182761555
-0.3315992028
-0.3551047090
0.0440497555
0.2428159775
0.3618078718
0.2028646926
-0.2500862476
-0.2689527449
0.0215169715
0.2261758539
0.1987915410
-0.0810746868
-0.3337521618
-0.2708357388
0.0132738213
0.3001295554
0.3877295180
0.1958930301
-0.2060498717
-0.2903811439
0.0501542084
0.2046088516
0.0522184092
-0.0655851605
-0.4041814915
-0.3429387358
0.0043121858
0.3198498390
0.3852701418
0.0600592414
-0.1742160672
-0.2546251681
0.0250235111
0.2415915628
0.1174321559
-0.0564994111
-0.4085145964
-0.2966717829
0.0020666817
0.4083092580
0.3286466768
0.0607790033
-0.2082516412
-0.2611311675
0.0244466884
0.1121191084
0.1068460539
-0.1815125353
-0.3287917790
-0.2497324915
-0.0282342910
0.2917162793
0.3414647901
0.1421159018
-0.2629079402
-0.2342320681
0.0307932448
0.2277269612
0.1733441830
-0.0685409432
-0.5375657776
-0.3110794185
-0.0623647423
0.1950927524
0.3631496955
0.1509531189
-0.2215091284
-0.1970214672
0.0637022198
0.2706275354
0.2520945932
-0.0858578506
-0.3840125111
-0.4419322029
-0.0420132108
0.2480804316
0.4540026468
0.0613912052
-0.2092192669
-0.2219037062
-0.0267636903
0.2898094666
0.1227221864
-0.1187246336
-0.4320249497
-0.4280361595
-0.0644773519
0.2915781642
0.3060018387
0.0306267999
-0.2968870376
-0.2591844211
-0.1153656817
0.2357593342
0.1609629233
-0.2129792980
-0.4089451736
-0.3973241608
-0.0132849460
0.3679448221
0.2236628826
0.0750648098
-0.2277132109
-0.2175991687
-0.0195363667
0.1500198659
0.1377375784
-0.1763622201
-0.3315674314
-0.3542829041
0.0752890324
0.2888300031
0.2890152389
-0.0167208123
-0.3202361726
-0.3444988591
-0.0165036586
0.2209788724
0.0668923072
-0.0810718788
-0.4189805777
-0.3469020258
0.0594283807
0.3431282406
0.3142699808
0.0188694245
-0.3391959539
-0.2951452741
-0.0426217626
0.1376983219
0.1493323601
-0.1261138080
-0.4034289425
-0.3906139924
-0.0205908986
0.3187688679
0.2693372316
0.1496743434
-0.2223251617
-0.2521728236
0.0106101877
0.2079212564
0.2119687062
-0.1125718304
-0.4234459564
-0.3318940480
-0.0924925514
0.3019802733
0.3308045222
0.0607059828
-0.2218730617
-0.3568622443
-0.0578199186
0.2023380693
0.1697270319
-0.1840837979
-0.3153489950
-0.3983943434
0.0289332210
0.3225463128
0.2990357515
0.1749991661
-0.2789573833
-0.1964863546
0.0322207307
0.1623742708
0.2420625138
-0.1372824655
-0.3671677350
-0.3318737623
-0.0299134153
0.3473903068
0.3833172860
-0.0197927430
-0.1350700640
-0.3382004189
0.0375269895
0.2669997280
0.1060083294
-0.1426792548
-0.4418928887
-0.3548678616
-0.0359094425
0.3494538790
0.4162365569
0.1609163950
-0.2360947682
-0.2525010620
-0.1111895418
0.1623753676
0.2257049447
-0.0246006618
-0.4449654420
-0.3719020164
-0.0158413450
0.3256295020
0.3013225113
0.1106075216
-0.2267668250
-0.2371568865
0.0186183081
0.2125043745
0.1513863668
-0.1171089946
-0.3759887332
-0.3548333364
-0.0243251475
0.4043823476
0.3830252839
0.0748002199
-0.1562506889
-0.2504173788
0.0585874557
0.2376687211
0.1746499504
-0.0809923247
-0.4545634701
-0.3925793714
-0.0720862292
0.3273619246
0.4537626966
0.2217583692
-0.1546839684
-0.1985902594
-0.1037620138
0.1912762598
0.1413033942
-0.1361543305
-0.3707470287
-0.3508228122
-0.1113042078
0.3663332926
0.3009668335
0.1146953442
-0.0689694904
-0.2734938452
-0.1398074294
0.2106716147
0.2524757286
0.0138428291
-0.4254788733
-0.2913921937
-0.0212194377
0.3232586665
0.5149289666
0.0216510651
-0.1664151637
-0.1905818933
0.0684404427
0.2371553270
0.2127662701
-0.1134403167
-0.3363483453
-0.3337829307
0.0447255314
0.3132413705
0.3922256324
0.1092996134
-0.1126036897
-0.2150333052
-0.0876034301
0.3073072364
0.1491878101
-0.1235247996
-0.3803463590
-0.2325845484
-0.1057413466
0.5150338696
0.4349393426
0.1280052070
-0.1745342666
-0.1916348860
0.0458277231
0.2770187901
0.2357256721
-0.0773938347
-0.3536496361
-0.3141170672
0.0076269037
0.4065385418
0.4130926932
-0.0457727345
-0.1304738691
-0.1926896211
0.0194852799
0.2228636260
0.2716320097
-0.0252511070
-0.3821582414
-0.2789049747
-0.0322795938
0.2689311044
0.3481592714
0.1717172655
-0.1101602755
-0.1712331030
0.0648212805
0.2772010305
0.1757610905
-0.0508773085
-0.2903654484
-0.2561064898
0.0924408758
0.3895166046
0.4062883626
0.1864723481
-0.1622290464
-0.2467084728
0.0177929202
0.2091491417
0.1766768017
-0.0805361358
-0.3772342288
-0.3131934619
-0.0783096779
0.3642172717
0.3890738608
0.0827697383
-0.1212977862
-0.1420831062
-0.0611840984
0.2103416495
0.1735290908
-0.1231864205
-0.2840100797
-0.3048163636
0.0152002851
0.2413761994
0.4265165431
0.0607468861
-0.1533432223
-0.1776134547
0.1072644926
0.1811039313
0.0483908347
-0.0586462265
-0.2281203845
-0.2230241863
0.0430234631
0.3275100691
0.4372038976
0.0766570560
-0.1290216287
-0.1639464861
0.0911452786
0.4106034369
0.2409053486
-0.0970227314
-0.3302900281
-0.3917236602
-0.0074438137
0.3324657033
0.3626041030
0.1401659407
-0.2019273712
-0.1292660218
0.0315369383
0.2548284000