0.169613
-0.0106095
0.0589611
0.173254
0.106813
0.222157
-0.065199
0.580377
0.0840455
-0.676307
0.0277097
-0.204035
0.0258839
-0.144374
0.146295
-0.188586
-0.0130974
-0.0888817
-0.020091
0.0817489
0.0108042
-0.025188
0.0806395
-0.050871
-0.00255591
-0.00491915
0.0419979
0.013318
0.0566511
-0.0411693
-0.0554084
-0.0436054
0.0929001
-0.0432138
-0.0610345
0.0478356
-0.00882942
0.0586118
-0.0796757
0.0114088
0.133864
0.0604802
0.0296526
0.0287521
0.0150473
-0.074273
0.020626
0.0141854
0.0018743
0.000529843
0.0668228
0.0295562
0.0703443
0.0280202
0.0191899
0.0352836
0.0438949
-0.0197633
0.0455832
0.080981
0.0798401
-0.0970744
-0.000371504
-0.022911
0.0704124
0.0621843
0.0278053
0.0832853
0.112536
0.0193672
0.0434737
-0.0730745
0.00242978
0.0806929
0.0590305
-0.0353033
0.140361
0.0603478
0.0343219
0.0622543
0.0797241
0.0136029
-0.0418242
-0.0772799
0.0217624
-0.0370816
0.08521
-0.0569496
0.0247535
-0.0129063
0.0849021
-0.0783008
-0.0156117
-0.0225994
0.0677531
0.01628
0.0138437
0.0590969
0.120202
0.00432521
0.032433
0.0981849
0.0458219
-0.0464933
0.00824033
0.0377835
0.111757
-0.00875805
-0.111004
0.0407655
0.0135761
-0.0125495
0.0961885
0.0761056
-0.00279984
0.0303091
0.123641
-0.0319316
0.109725
0.0917171
0.0181732
-0.0300009
-0.0675581
0.0254173
0.00664471
0.0751026
-0.00284151
-0.00822041
-0.0318493
0.0796483
-0.0476349
0.0313681
0.0801773
0.081049
0.0657269
0.0185491
0.0902528
0.0766532
-0.0251919
0.131048
-0.010434
0.0109671
-0.0442551
0.0482103
0.134912
0.0319223
-0.0141399
0.0358994
0.0424271
-0.0401746
0.131607
-0.0368475
-0.059072
0.031762
0.0361505
0.0241043
0.144828
-0.0381893
0.0406158
-0.0112739
-0.0021689
0.0959789
0.0131366
0.0020479
-0.0116531
0.0756558
0.0708599
-0.0583315
-0.0205247
0.014348
-0.0382212
0.0360801
-0.0141996
0.0124214
0.074689
0.107832
0.0806441
0.0517529
0.0269815
0.0533204
0.0401995
-0.0545311
0.0210667
0.185088
-0.0694744
0.0234702
-0.0469835
0.00248641
0.0465315
0.0459029
-0.00605931
-0.00309297
-0.0187698
-0.0212417
0.069024
0.0472353
0.0561903
0.00726542
0.0304983
0.116337
-0.0891228
-0.0383523
-0.0660163
-0.0284299
0.0359466
0.101182
-0.040302
0.0437605
0.0603844
0.00939934
-0.0624259
0.0657686
0.0556141
-0.0251911
0.0108807
0.00321227
-0.0123853
-0.0328374
0.00754046
0.0219047
-0.0353781
0.0155092
0.00517141
0.0158273
0.0681717
0.0986106
-0.0891534
0.0285551
0.123388
-0.0315217
0.101545
0.0642849
0.0472077
0.0555932
0.069731
-0.00192344
-0.0615019
0.052222
0.0277816
0.0156109
0.0372255
0.0356248
0.0407718
-0.00844663
0.0541146
-0.0247901
0.0406429
-0.0797446
0.0705314
0.0157859
0.00386217
0.0455869
0.0339513
-0.0130248
-0.0234784
0.00457723
0.0623126
-0.0444996
-0.0304126
0.0769382
-0.0103558
-0.013117
0.00219584
0.0444293
-0.014768
0.0714532
-0.00600336
-0.0745897
-0.0202674
-0.0108507
0.0410934
0.101742
0.0145635
0.0978898
0.0783842
0.069487
0.0769141
-0.0193914
-0.0368845
0.0180059
-0.0876649
-0.016013
0.114535
0.0527386
0.0552971
-0.142056
0.0139803
0.0578029
0.0111929
-0.0280941
0.0676899
0.110832
0.0602546
0.0938659
0.0397734
0.00566414
-0.0370717
-0.00710047
0.0936468
0.00384072
0.147938
0.0297807
0.06652
0.0300998
0.0557703
-0.0706692
-0.020382
0.156556
0.0444351
-0.00205038
0.0159502
-0.086108
0.15688
-0.0892392
0.0789971
0.0139946
0.0452003
0.0720589
0.122952
0.0349587
0.0456154
-0.000240544
-0.00231069
0.0178872
0.0323588
0.0909331
0.169929
0.0161644
0.171857
0.021
0.0742126
-0.0408094
0.243033
-0.00645294
0.270059
0.00886597
0.382872
0.0415407
0.597429
0.154687
2.0661
-1.66843
-1.50157
-0.106546
-0.461397
-0.120103
-0.428475
0.0423666
-0.180097
0.0223046
-0.062522
0.0502804
-0.165466
-0.0148856
-0.223249
-0.0720027
-0.125833
0.0229973
-0.0973712
0.00704056
-0.0790131
0.0314284
-0.0942823
-0.015673
-0.0274974
-0.045615
-0.0466973
0.0297412
0.00517698
0.000328709
-0.0372294
0.0264029
0.0794492
-0.0228816
-0.0314784
0.0311615
-0.154821
0.0507961
-0.0280571
0.0326526
-0.0636507
-0.0127668
-0.0703675
-0.00496393
-0.00883109
0.0110867
0.0700205
0.0797069
-0.071149
-0.0254658
-0.0162899
0.0251931
0.0211192
0.163103
0.0191929
0.0440822
-0.00559494
-0.0175171
-0.127175
-0.0304637
0.114873
-0.0670258
0.0965713
-0.0614233
-0.0731531
0.0533584
-0.0146693
0.0537685
-0.0467374
0.064803
-0.0340645
-0.0515226
0.0574378
-0.0721972
0.0101924
0.103698
-0.00867338
0.0270011
-0.00606686
-0.128173
0.0426804
0.121878
0.0428107
0.0601481
0.0290952
-0.0933707
0.0376418
0.0586382
0.0526238
0.0206999
0.00592945
-0.0384174
-0.00754268
0.0134091
0.0537293
0.0140042
-0.0826783
-0.0536002
-0.105718
0.0654754
0.0325614
0.0670692
-0.0478279
0.0676515
-0.00851856
0.0647075
-0.00662621
-0.0087962
-0.098425
0.0385041
-0.0455165
0.00132973
0.0561729
-0.0389832
0.0184393
-0.00360558
0.0909208
-0.0850553
-0.00482401
0.0130004
0.0286295
0.044445
-0.0688185
0.0586034
0.078458
-0.0596665
0.0710629
0.0666125
-0.0103786
-0.0482566
-0.0439343
0.0685514
0.0691011
-0.0328919
-0.0465076
-0.000608186
-0.0588766
-0.0584185
0.00545225
0.00239202
0.000282488
0.0044638
-0.0959598
0.00205045
0.00168274
0.00828561
0.0111212
0.0276335
0.117862
0.132268
-0.0331482
0.0698505
-0.0692617
0.0376865
0.0394328
-0.0147593
0.0375742
-0.0147198
0.00230327
0.166532
-0.054783
0.00832174
0.0178619
0.0269249
0.00793697
0.0874716
-0.014999
0.124364
0.0319838
0.163607
0.0610928
-0.00475499
-0.038288
0.0660912
-0.0747665
-0.0355328
-0.000682181
0.043663
-0.065199
0.0122654
0.0113854
-0.0314987
0.0347397
0.0752637
-0.00401921
0.0543514
0.0430958
0.0351987
-0.0549576
-0.0442514
-0.00990986
0.0437168
-0.0482377
-0.00540893
-0.0573355
-0.00196277
0.0196534
0.107416
0.0548333
0.0974592
-0.137386
0.0815783
0.053375
0.0139043
0.0174133
-0.0218987
0.0627409
0.0729795
0.0302067
0.055993
0.0304487
0.058823
0.0065832
-0.0219711
-0.0159728
0.130487
-0.185583
0.0304502
-0.0732414
0.0460859
-0.00619471
0.0667163
-0.110582
0.0921843
-0.0857665
0.0697122
-0.0862313
0.0421884
-0.0121342
0.0339257
0.0057414
0.0907775
-0.00344031
0.151405
-0.0150412
0.0117764
-0.0200059
0.051633
-0.017624
0.0811926
0.00899157
0.0995335
-0.10441
0.109763
0.0184268
0.144017
-0.0283074
0.0734726
-0.0743046
0.122128
-0.0374659
0.048644
-0.0690358
0.130396
0.0469805
0.0614406
0.0341457
0.0519597
-0.00386697
0.0253125
-0.00955635
-0.0482923
0.0142
0.193208
0.0247055
0.110484
-0.0216931
0.0121863
-0.068982
0.130444
0.012699
0.141445
0.0389301
0.164644
0.0454693
0.0811344
0.0460681
0.122708
0.0214173
0.0866146
-0.0537098
0.128132
-0.0111434
0.202422
-0.0644552
0.124127
0.0196266
0.0444853
-0.0434355
0.118579
0.0610007
0.0906515
0.0137468
0.0448373
0.0623609
0.0859378
-0.0584277
0.137833
0.0301422
0.0699322
-0.0415339
0.0547551
0.0450559
0.147943
-0.0106875
0.121592
-0.0174175
0.0978589
0.0135983
0.203445
0.0230364
0.251984
-0.0360647
0.119208
-0.0688192
0.140291
0.0248914
0.232808
-0.0712862
0.284808
0.0154369
0.242451
-0.000567942
0.232136
0.0347521
0.291151
0.00996459
0.360381
0.0304617
0.353863
0.00488119
0.476385
-0.114227
0.650351
-0.143293
0.800422
-0.087334
1.27519
-0.145881
1.9489
-0.20372
5.22698
-2.50562
-7.15957
0.289396
-2.15549
0.181589
-1.16889
0.16412
-0.797413
0.118068
-0.779635
0.0268432
-0.516964
0.0265363
-0.479495
0.0122913
-0.42194
0.0705448
-0.38457
0.0514256
-0.374992
0.0094728
-0.25493
-0.0330514
-0.256137
-0.0227722
-0.196997
0.034863
-0.137976
0.0576373
-0.110055
0.00137295
-0.22854
-0.0900943
-0.217515
0.012233
-0.211782
-0.0983956
-0.190841
0.0468348
-0.220758
-0.149192
-0.131743
0.0480293
-0.0408424
0.044871
-0.119142
-0.00724006
-0.122472
0.101012
-0.218753
0.0340057
-0.26569
-0.01037
-0.016803
-0.02487
-0.117806
0.0413746
-0.196062
-0.0206392
-0.0957766
-0.10026
-0.0403784
0.105694
-0.0788324
0.00775063
-0.146062
0.0512794
-0.0789647
-0.0178817
-0.00678907
0.0422462
-0.000170931
-0.0598793
-0.0297501
0.0319125
-0.122753
0.0684953
0.0234108
0.0670128
-0.0481259
0.0514193
-0.0726533
0.010044
-0.172187
-0.0199198
-0.0146328
-0.0294709
-0.0451527
0.040204
-0.0763767
0.0837528
-0.132364
-0.101481
-0.177963
-0.0566933
-0.0223661
-0.0637096
-0.0155505
0.00645158
-0.103384
0.0459615
-0.0358859
-0.05127
-0.0651784
0.114306
-0.122138
0.0226931
-0.0203371
0.00936591
-0.0557696
0.152924
-0.0640441
0.0343597
-0.136374
0.0585857
-0.0357746
-0.014987
-0.0106127
0.070692
0.00523306
0.0817688
-0.148293
-0.00376605
-0.0375048
-0.0284651
-0.0429895
0.00326472
-0.0608399
0.0273256
0.0162223
0.0561094
-0.0552286
-0.0183498
-0.00867524
-0.0628972
-0.125133
-0.0558375
0.0177928
0.0648124
-0.0537399
-0.0474154
-0.0245381
0.0151928
-0.13617
0.056554
-0.100446
-0.0483475
-0.0258985
-0.064355
-0.0804122
0.0186477
-0.129692
0.013688
-0.0629695
0.0338823
-0.0372615
0.0927949
-0.0987256
-0.00887392
-0.117462
0.0547867
0.0117805
-0.0609394
-0.125402
0.0514358
0.0238586
-0.0528097
-0.0929938
-0.0566695
-0.00100989
0.00731152
0.0248203
-0.0106877
0.00652907
-0.0109494
-0.065658
-0.0531998
-0.0425335
0.0177066
-0.0697438
0.00153902
-0.0301667
-0.0397197
-0.135555
0.0176543
-0.0919117
-0.048972
-0.0694327
-0.0457871
-0.0660711
-0.0168691
-0.0368653
0.0834224
-0.03316
0.0119412
-0.0869039
-0.0938088
-0.0184236
0.00714075
0.00500559
-0.026917
-0.0512107
-0.0294153
-0.147686
-0.0680729
0.0925064
-0.00907262
-0.0584944
0.087283
-0.0582205
0.0587008
0.055797
-0.0594462
-0.00682503
-0.0538385
0.0136235
0.00274526
0.011182
-0.0275365
-0.0875109
0.00932471
-0.160314
0.00592096
0.0509866
0.100985
0.0781946
0.0127362
-0.0535907
0.0502518
-0.0207731
0.0411343
-0.0139859
-0.0718787
0.00422298
-0.0385743
-0.0461681
-0.12768
-0.0346027
0.0448784
-0.0106186
-0.0637724
0.00842842
-0.0917404
0.0847419
0.0157055
0.0483059
-0.0980698
-0.0623357
-0.00267102
-0.0763426
0.129739
-0.0664222
-0.0710026
0.0278706
-0.0819898
-0.031233
0.0295666
-0.0415084
0.0776835
0.028557
-0.000383244
-0.0930678
0.0348015
0.0558922
-0.0652038
0.0246353
0.011448
-0.0915781
-0.0273371
-0.00283773
0.0158484
0.027887
-0.0475804
-0.070635
0.0956133
0.0635898
0.0575054
0.0135902
0.00978923
0.0225354
-0.00752012
0.00332509
0.0663118
-0.0729713
0.0562104
-0.0632855
-0.0107286
-0.0450444
-0.078637
-0.0456282
0.0616422
-0.0383653
-0.015154
-0.0207842
0.0411212
0.0323052
-0.0404573
-0.0462296
0.0094543
-0.116845
-0.0116231
0.0348649
-0.000719616
-0.0918192
0.105758
-0.00296562
-0.0187269
-0.0527648
0.0177247
0.041094
-0.00931984
-0.0575227
0.0168139
-0.02097
-0.00216188
-0.0581547
0.0336386
-0.120154
-0.0301919
0.0190934
0.105318
-0.0574511
-0.00953467
-0.00637817
-0.0197709
-0.0396898
0.109348
-0.0293605
0.0538099
-0.0743005
0.0479847
-0.0578937
0.00804942
0.061642
-0.000110151
-0.0777843
0.0273997
0.0307353
0.0802708
-0.0625001
-0.0164741
-0.0158786
-0.00234775
0.0172563
-0.00656782
-0.0109336
0.0217066
-0.0512504
0.00627791
0.0282645
0.00867696
0.0258715
-0.0726666
-0.0673766
0.102549
-0.0933551
-0.00360032
0.0497991
0.10268
0.0304827
-0.00346039
0.0197384
-0.00527558
-0.0363633
0.0202967
0.0141251
0.0699759
-0.0228711
0.105084
0.0518703
-0.00954202
0.0282279
-0.0187913
-0.0244716
-0.0219412
-0.00381874
-0.0589323
-0.029127
-0.0394389
-0.0965898
-0.00192136
-0.0413292
-0.00808412
-0.0484298
-0.0593143
0.010388
0.0350105
0.0126655
0.0216591
-0.00408014
0.032096
-0.0446341
-0.0104323
-0.0299323
-0.111802
0.0613977
-0.0283903
0.0211133
0.0383612
0.0374195
-0.0194728
-0.190404
-0.0973009
0.00201144
-0.000505507
0.0758332
-0.0529892
0.0683356
-0.047049
-0.0608402
0.0889145
-0.0764363
-0.0344718
0.0284579
-0.0361411
-0.00205961
-0.0933745
0.0337458
0.107357
-0.0679581
0.0134336
-0.0338255
-0.0686963
-0.0664553
-0.0446526
-0.0222799
0.0753578
-0.13643
0.0547408
-0.0590258
0.0151783
0.0851151
-0.0860622
-0.00940616
0.0438193
0.0440321
-0.0289287
-0.00620385
0.0973779
-0.0264071
-0.016859
-0.0368624
-0.0564275
0.077692
0.0534906
-0.044461
-0.0339908
0.044351
-0.000628635
0.0720759
0.0324238
-0.0201968
-0.028594
0.0580118
0.0589855
0.0780637
0.0311873
0.0987361
-0.0266816
-0.0944744
0.0313002
-0.0289808
-0.0262005
-0.0624232
-0.0695244
0.0194393
0.0152608
0.0596777
0.0495179
0.0095552
0.0173665
-0.00106776
0.0635464
-0.0079692
0.0149922
-0.104802
0.0500116
-0.0339877
-0.00401457
-0.0233819
0.0122896
-0.0887576
0.0137088
-0.0435002
0.114274
-0.0326046
-0.0335801
0.000157903
0.0866097
-0.0536441
-0.110847
0.00301526
0.0677626
0.0118113
0.0238619
-0.0529902
-0.000829767
0.00629853
0.00283324
0.00268319
0.081197
0.0346959
-0.0153277
0.0580152
0.0104768
-0.0414562
0.0138051
-0.0281713
-0.0596995
0.0976973
0.0552287
-0.0577218
-0.0371435
0.0506274
0.0145253
-0.085977
0.0524635
0.0820469
0.0517555
0.0427816
0.0705233
-0.0406209
-0.0154324
-0.0134393
0.0629984
-0.101974
0.0418358
0.0425173
0.0285382
-0.0868081
0.0827335
0.0209358
-0.0168831
0.122126
-0.027204
-0.0095627
0.0466342
0.0473067
-0.126532
-0.059309
-0.044401
-0.0261038
-0.0865549
0.0616461
-0.0268371
-0.000170106
0.0236115
-0.0403667
-0.0251753
-0.0639301
-0.0125238
0.054274
0.0705467
-0.0221752
0.0597655
0.0306707
-0.0678185
-0.025996
0.0301732
-0.0373504
-0.108547
0.00685758
0.0567312
0.0870642
-0.0224288
0.0397733
0.0138684
0.0273482
-0.0595192
-0.00494173
-0.00289916
-0.0190379
-0.0671997
-0.000223006
-0.00172179
0.0370679
-0.0375674
-0.00226643
-0.156744
-0.0204009
0.049883
-0.111171
-0.0237604
0.0951175
0.058247
-0.0143661
-0.049556
0.1191
0.101244
-0.00044012
0.045282
-0.0159763
0.0139207
-0.0540902
0.146073
0.00517621
0.00307013
-0.0200463
0.0803872
-0.0989906
0.0364159
0.052012
0.027381
-0.0474398
-0.0804571
-0.0550526
-0.0306096
-0.0223523
0.138387
-0.0459464
0.0177485
-0.0548139
-0.12364
0.0845523
0.00295514
-0.010569
-0.0186481
0.035637
0.0280941
-0.00515723
-0.00132726
0.0191559
0.107804
0.000209201
0.0685724
0.0467614
0.0493827
0.0742311
-0.0551754
-0.0211266
0.0305896
0.00578217
0.0305254
0.040945
-0.0939537
-0.0786489
0.021875
0.0610601
-0.00231849
-0.0539105
-0.0697987
0.0727417
0.00900641
-0.0181805
0.0984327
-0.00854387
0.031163
-0.00703922
-0.0539276
-0.0378509
0.130203
0.0192335
-0.0133119
-0.000688056
-0.0219252
-0.0356595
0.0672184
-0.0142794
0.125286
0.0662452
0.0174811
0.0470754
0.0299561
-0.0730366
-0.103751
-0.041
0.087326
0.0737126
0.00501822
0.0243221
-0.0200779
0.0022266
-0.113047
0.0596091
-0.0942799
-0.0126054
0.0478528
-0.0455298
-0.0949196
-0.0303655
0.0737114
-0.0473427
0.127713
0.0773485
0.00976918
0.0840331
0.0107835
-0.0578132
0.0141023
-0.00465353
0.00424798
-0.118772
-0.0517834
-0.0770556
0.0729741
-0.0473517
0.0325622
-0.0124223
0.0436167
0.0242979
0.0432804
-0.0115121
0.00168318
-0.0216281
0.0646136
-0.0928009
0.00603544
-0.0309254
-0.0641456
0.16058
-0.00371008
0.0181044
0.0415294
0.0176861
0.0209103
0.0225743
0.0756348
-0.0639109
-0.0561634
-0.070973
-0.104912
-0.0147519
-0.0142715
0.0382877
0.0659781
0.00275651
0.0462027
0.0344867
-0.00806222
-0.0246019
0.0304347
0.023083
0.200927
-0.124083
-0.0138643
-0.0188918
-0.034057
-0.0389564
-0.0887514
-0.0460335
-0.069549
-0.0538003
0.063554
-0.00405408
-0.0372464
0.0041656
0.0588341
-0.0622074
0.030437
0.00629072
0.0432729
-0.0193931
0.0636962
0.0160265
-0.0934044
0.0808267
-0.0521187
-0.00161332
0.0687309
-0.00470481
0.0289188
0.00206814
0.0129202
0.0113908
0.0464263
0.107681
-0.012946
-0.0201485
-0.0321679
-0.0304783
0.0705502
0.0519719
-0.00226562
0.0782436
0.000591983
-0.0508971
-0.0644645
-0.0674356
0.0561614
-0.0584794
-0.0676151
0.0272179
0.0451851
0.00961026
0.0279015
0.0227982
0.0585792
0.0594323
-0.0297574
-0.0527669
0.0328866
-0.0170932
-0.0279818
0.0021018
-0.0835684
-0.070349
-0.0488234
-0.0398087
-0.0888011
-0.0273532
0.0284701
-0.0704219
0.0857603
-0.0126261
-0.0632715
0.0256221
-0.0588799
0.00464239
0.000950925
-0.116093
-0.0077792
-0.0129286
-0.0834316
-0.0542383
-0.0476782
-0.105906
0.0612292
-0.00884247
-0.0143033
-0.120199
-0.0406242
-0.0535621
0.118961
5.66826e-05
0.0140843
0.0421426
-0.0320394
-0.0671062
0.0309593
-0.0170892
-0.0745467
0.015216
-0.0216649
0.0736351
0.0538484
0.0699795
-0.0234149
0.0166077
-0.0988549
-0.035422
0.0744398
0.000719075
0.0110696
-0.124887
-0.005417
-0.0634016
-0.025818
0.00393616
0.0031936
-0.0443497
-0.031717
-0.00623314
0.000466492
0.024426
-0.114769
0.0402152
0.0476196
0.0749389
-0.031134
0.049363
-0.0626846
-0.0537843
0.0521219
-8.7504e-05
0.00607353
0.091581
-0.0552366
-0.0429599
-0.0451712
-0.0412495
0.0379488
-0.00994987
-0.00520354
-0.021425
-0.186057
0.0423957
0.0187866
-0.0608788
-0.0281073
0.0168916
-0.0132863
-0.0271841
0.113173
0.0970972
0.028886
0.0320884
0.14641
0.0425494
0.105077
-0.0348048
-0.0921412
0.0289216
-0.0614129
0.0429785
-0.00178745
0.0990454
-0.165494
0.0157758
-0.0971324
0.0363014
0.0726914
-0.113447
-0.00472861
-0.0497362
-0.0167121
-0.0479813
-0.00351307
-0.0568419
0.0986768
-0.0691417
-0.0196962
-0.0671662
0.0313236
0.0143248
0.0542912
0.0366064
-0.0824997
0.0891334
0.0467005
0.00701464
-0.00852065
-0.05791
-0.0617602
0.0114553
0.0441579
-0.0157633
-0.0284768
-0.0131648
-0.0513501
0.032835
-0.0832969
0.0778196
0.065015
-0.0100475
-0.00822076
0.122934
0.0415019
0.0106916
0.081224
-0.0180289
-0.0349377
0.053568
-0.0648368
0.068258
0.0491273
0.0703129
-0.0484964
-0.0607829
0.0193649
-0.0875232
0.112486
0.0745692
-0.00328391
-0.0176029
-0.0255587
-0.0976908
0.0486913
-0.0184197
-0.0848269
-0.00219575
0.0492556
0.093384
0.0195694
0.0670248
-0.0275293
-0.0880236
-0.080243
-0.0592101
0.00946427
-0.0261846
0.0239458
0.0777202
0.00150048
0.0119306
-0.0123418
0.0247676
0.0568381
0.040517
0.0532871
0.0354901
0.000829254
-0.0872661
0.00056622
0.0767469
0.0154839
-0.100404
0.0382762
0.03892
-0.0867284
0.0350667
-0.00485442
0.00294805
0.0442639
-0.0218881
0.0666585
-0.0933622
0.0218801
0.00490224
0.0111963
-0.0369226
-0.0127381
0.0670285
-0.0185972
0.0234847
-0.0500703
0.0194823
0.0261894
0.00493613
0.0655385
-0.0417494
0.112875
0.0106821
0.0177882
-0.0435479
0.123802
-0.0384504
0.0851991
-0.0157424
0.0194398
-0.103862
-0.0842659
-0.122981
0.0220265
0.0116807
-0.0168409
-0.0453615
-0.00967125
0.00297071
0.0304155
0.000326571
0.0459335
0.0377834
-0.0620427
-0.0856453
-0.0871715
-0.0579088
0.00370063
0.0613506
-0.0460765
-0.119727
-0.0577936
0.0997715
0.0482375
-0.039713
0.0663408
0.022589
-0.0791739
0.00766404
0.033666
-0.0450421
0.0197782
-0.0539953
0.085614
0.00974881
-0.0898985
-0.0724695
0.0119607
0.0170535
0.0560917
-0.0289662
0.0298458
-0.0674637
0.0759502
-0.0228307
-0.0490417
-0.0376758
-0.101913
0.00356259
-0.060393
-0.0488335
0.0721512
-0.0862944
-0.00657008
-0.103287
-0.0402956
-0.012858
-0.0973225
-0.00863654
0.0156804
0.0372676
-0.024019
-0.0182878
-0.0561067
0.0292899
-0.00972017
-0.0600814
0.0801445
0.044784
-0.046155
0.101888
0.106223
0.0519274
-0.0213738
-0.118975
0.0414556
0.0455795
0.0256221
-0.0319414
0.0296611
0.0418628
0.0384515
0.137998
0.0643174
-0.0376329
-0.0832474
0.107557
-0.00810652
0.0127448
0.0474481
-0.0737877
-0.00846159
-0.101952
0.0568061
0.0455644
-0.00983659
0.0527069
0.022857
0.125868
0.0734891
0.0231356
0.0292417
0.0332222
0.035471
0.00626402
-0.01532
0.0163506
-0.046931
-0.048629
-0.0266316
-0.0239595
0.0917449
-0.0976656
-0.0494159
0.0760055
0.0100009
-0.0435688
-0.0743374
-0.006567
0.0589295
-0.129014
0.01926
0.0802606
-0.094051
-0.0543113
0.0294052
-0.00462386
0.0678899
0.0371745
-0.0223937
0.0171886
-0.0149197
0.00873198
0.0349488
-0.0690353
0.064139
0.0202629
0.0415424
0.0705302
0.0984012
-0.0687308
0.0301732
-0.0800665
-0.0316735
0.0223699
0.112344
0.0934631
-0.0450293
-0.00240196
-0.114522
-0.0266153
-0.0499746
-0.0429917
0.0191263
-0.116866
-0.0181923
-0.0819561
0.0339866
-0.0221438
0.0963592
0.013336
-0.101229
-0.0894177
0.0221279
0.01185
-0.0427767
-0.11959
0.0367076
0.0173044
0.0308938
-0.0685709
0.0198076
0.0126532
0.0305068
0.0448285
0.0765884
-0.035024
0.033395
-0.0296625
0.0236542
-0.068833
0.00380947
0.0125511
-0.0246384
-0.0116992
0.0252312
0.0350828
-0.144506
-0.00377071
-0.0385712
-0.0181925
-0.0457138
0.0526799
0.0724973
0.057911
-0.0212577
0.0272634
-0.0301147
0.0128928
0.0934286
0.00608747
-0.0715613
0.00426082
-0.0235384
0.0373157
-0.0536373
-0.105157
0.0673323
0.0225833
-0.0207381
-0.0694398
0.0660866
0.0228467
0.0500378
0.0289055
0.0168469
-0.0159423
-0.027455
-0.047943
-0.00406168
-0.0475823
0.0161815
-0.059858
0.050768
-0.119908
0.0165183
0.00796135
-0.0147867
0.029651
-0.0704896
-0.00258114
-0.00383637
0.0527174
0.0291284
0.117665
-0.0201211
0.0434804
0.0261996
0.0229472
0.0448532
0.0518233
-0.052518
-0.0348416
-0.0374058
0.0084007
0.090086
-0.0011002
-0.07233
-0.0305144
0.0901998
-0.0660011
-0.00433959
-0.0681899
0.0627423
-0.0896438
0.0765223
0.00672018
0.103384
-0.0493792
-0.0481578
-0.0127504
-0.0241105
-0.0238256
0.000221016
-0.0466425
0.0150588
0.00725834
0.0901246
0.0348411
-0.00723028
-0.0194556
0.0185041
-0.0811358
-0.045652
-0.0495424
0.00749058
-0.0141668
0.0368423
-0.0138689
-0.0354721
-0.000111734
-0.0839367
-0.0814139
0.0556557
0.0847676
0.0103468
-0.018573
0.0678417
-0.0210732
0.014194
0.0460511
-0.0138028
-0.0758071
0.0118508
-0.0621463
0.0508688
-0.0225538
0.0538244
0.0250328
0.00668061
0.0922663
0.0881457
-0.0370314
-0.053448
0.00809399
-0.00894509
0.00219144
-0.0123777
-0.010468
0.0527684
0.0253956
-0.0202897
-0.0343644
0.0437944
0.0282841
-0.0513869
0.00681023
0.0790628
-0.0745185
0.0333693
0.0449211
-0.0663802
-0.079444
-0.00741191
0.0304787
-0.0243183
0.0225381
0.00156984
-0.00519498
0.0256934
0.147414
0.0460911
-0.0804685
-0.0578808
0.0422051
-0.0308177
-0.0877322
0.0154355
0.00535516
-0.103901
-0.060744
0.0050863
0.0421348
-0.00468193
-0.0447217
0.0510699
-0.0348667
